[array([[-2.0697541e+00, -8.4521282e-01,  5.6616813e-02,  1.0730684e+00,
        -1.5158274e+00,  1.6722295e+00,  1.7354495e-03,  1.9546760e+00],
       [ 4.9136400e-01,  1.7870603e+00, -2.0680273e+00,  2.1657813e+00,
        -1.2725682e+00, -1.2317488e+00, -3.5979494e-02,  4.5947066e-01]],
      dtype=float32), array([-1.7454785 , -1.6442381 , -1.7216567 , -2.0035157 , -1.6694791 ,
       -1.7090611 ,  0.10784459, -1.6731472 ], dtype=float32), array([[-6.9638433 ],
       [-7.5778956 ],
       [-7.1660147 ],
       [-6.3238826 ],
       [-7.4077144 ],
       [-6.50292   ],
       [ 0.01687803],
       [-7.6541123 ]], dtype=float32), array([2.1427174], dtype=float32)]